voltage_array=[375 , 376 , 374 , 378 , 381 , 385 , 389 , 393 , 397 , 402 , 406 , 411 , 414 , 418 , 422 , 426 , 430 , 434 , 440 , 443 , 446 , 451 , 455 , 459 , 464 , 466 , 468 , 472 , 475 , 479 , 481 , 484 , 485 , 488 , 491 , 492 , 495 , 495 , 498 , 499 , 501 , 500 , 497 , 490 , 492 , 490 , 494 , 501 , 507 , 511 , 517 , 523 , 526 , 531 , 537 , 540 , 543 , 548 , 552 , 556 , 562 , 566 , 570 , 575 , 581 , 583 , 587 , 591 , 594 , 600 , 605 , 606 , 613 , 616 , 621 , 627 , 631 , 636 , 641 , 644 , 650 , 654 , 660 , 664 , 668 , 672 , 677 , 683 , 686 , 691 , 695 , 700 , 704 , 708 , 713 , 718 , 721 , 726 , 729 , 735 , 740 , 743 , 748 , 753 , 756 , 761 , 765 , 770 , 774 , 778 , 784 , 787 , 790 , 796 , 800 , 804 , 808 , 813 , 817 , 822 , 826 , 830 , 836 , 841 , 843 , 849 , 854 , 857 , 862 , 864 , 871 , 877 , 880 , 884 , 889 , 893 , 897 , 902 , 907 , 911 , 916 , 919 , 924 , 928 , 933 , 937 , 942 , 947 , 952 , 956 , 957 , 962 , 966 , 973 , 976 , 982 , 985 , 989 , 994 , 998 , 1002 , 1006 , 1011 , 1015 , 1018 , 1023 , 1023 , 1023 , 1023 , 1023 , 1023 , 1023 , 1023 , 1023 , 1023 , 1023 , 1023 , 1023 , 1023 , 1023 , 1023 , 1023 , 1023 , 1023 , 1023 , 1023 , 1023 , 1023 , 1023 , 1023 , 1023 , 1023 , 1023 , 1022 , 1021 , 1021 , 1019 , 1019 , 1019 , 1017 , 1016 , 1015 , 1016 , 1014 , 1014 , 1013 , 1012 , 1011 , 1011 , 1011 , 1007 , 1010 , 1008 , 1009 , 1007 , 1007 , 1004 , 1004 , 1005 , 1002 , 1004 , 1002 , 1002 , 1002 , 1000 , 999 , 999 , 997 , 999 , 998 , 998 , 996 , 997 , 996 , 995 , 995 , 994 , 993 , 992 , 991 , 991 , 992 , 990 , 991 , 989 , 989 , 989 , 989 , 987 , 988 , 986 , 986 , 986 , 985 , 984 , 984 , 984 , 983 , 983 , 981 , 982 , 979 , 982 , 981 , 981 , 979 , 980 , 978 , 978 , 978 , 978 , 976 , 977 , 976 , 976 , 975 , 964 , 887 , 793 , 689 , 575 , 452 , 331 , 236 , 196 , 190 , 196 , 199 , 203 , 206 , 209 , 210 , 212 , 213 , 216 , 213 , 220 , 219 , 220 , 221 , 223 , 224 , 223 , 225 , 228 , 227 , 227 , 227 , 229 , 228 , 229 , 231 , 228 , 231 , 231 , 233 , 232 , 232 , 234 , 233 , 234 , 233 , 234 , 234 , 233 , 234 , 235 , 236 , 235 , 235 , 237 , 236 , 235 , 237 , 237 , 236 , 237 , 237 , 234 , 237 , 237 , 238 , 239 , 237 , 238 , 236 , 238 , 238 , 238 , 239 , 239 , 238 , 239 , 238 , 239 , 237 , 240 , 240 , 239 , 239 , 238 , 241 , 240 , 241 , 241 , 241 , 239 , 239 , 240 , 240 , 241 , 240 , 237 , 241 , 241 , 241 , 242 , 242 , 241 , 241 , 240 , 241 , 241 , 241 , 241 , 241 , 241 , 243 , 242 , 242 , 242 , 243 , 242 , 241 , 242 , 242 , 242 , 243 , 239 , 242 , 244 , 244 , 242 , 244 , 243 , 243 , 243 , 245 , 244 , 244 , 245 , 243 , 243 , 244 , 245 , 244 , 244 , 244 , 244 , 244 , 244 , 245 , 245 , 246 , 242 , 244 , 244 , 245 , 246 , 246 , 246 , 245 , 245 , 246 , 245 , 246 , 245 , 245 , 245 , 245 , 246 , 242 , 246 , 246 , 246 , 246 , 246 , 246 , 246 , 247 , 247 , 245 , 245 , 247 , 245 , 246 , 247 , 246 , 245 , 248 , 247 , 248 , 246 , 248 , 247 , 247 , 246 , 248 , 248 , 247 , 247 , 247 , 247 , 247 , 247 , 245 , 249 , 248 , 247 , 246 , 248 , 247 , 248 , 248 , 249 , 249 , 248 , 247 , 248 , 249 , 248 , 249 , 245 , 248 , 249 , 249 , 248 , 249 , 249 , 248 , 248 , 251 , 249 , 248 , 249 , 250 , 248 , 249 , 249 , 245 , 249 , 249 , 247 , 248 , 248 , 250 , 249 , 250 , 250 , 249 , 249 , 248 , 248 , 249 , 248 , 248 , 248 , 249 , 247 , 248 , 249 , 248 , 248 , 247 , 249 , 248 , 249 , 249 , 248 , 249 , 249 , 248 , 250 , 249 , 249 , 250 , 249 , 249 , 249 , 249 , 248 , 250 , 250 , 248 , 249 , 249 , 248 , 249 , 249 , 249 , 250 , 249 , 249 , 250 , 249 , 250 , 248 , 249 , 250 , 249 , 249 , 249 , 249 , 249 , 250 , 249 , 250 , 250 , 250 , 249 , 250 , 249 , 249 , 250 , 250 , 249 , 250 , 250 , 251 , 250 , 249 , 250 , 250 , 250 , 250 , 250 , 249 , 250 , 250 , 250 , 250 , 250 , 250 , 250 , 250 , 249 , 251 , 251 , 251 , 251 , 251 , 251 , 250 , 251 , 250 , 251 , 251 , 249 , 251 , 251 , 251 , 251 , 251 , 251 , 252 , 251 , 251 , 250 , 251 , 251 , 251 , 251 , 250 , 250 , 250 , 251 , 250 , 251 , 249 , 250 , 251 , 250 , 251 , 251 , 250 , 251 , 250 , 251 , 251 , 252 , 252 , 252 , 251 , 251 , 250 , 251 , 250 , 250 , 251 , 251 , 251 , 251 , 251 , 251 , 250 , 251 , 252 , 251 , 251 , 251 , 251 , 251 , 252 , 250 , 252 , 251 , 251 , 250 , 250 , 250 , 251 , 251 , 251 , 251 , 252 , 252 , 251 , 251 , 251 , 252 , 251 , 252 , 251 , 251 , 251 , 252 , 251 , 251 , 251 , 251 , 251 , 252 , 251 , 252 , 252 , 251 , 252 , 252 , 251 , 252 , 252 , 252 , 252 , 253 , 252 , 250 , 252 , 252 , 251 , 252 , 252 , 251 , 252 , 251 , 252 , 252 , 252 , 251 , 252 , 253 , 252 , 251 , 251 , 252 , 253 , 253 , 253 , 252 , 251 , 252 , 252 , 252 , 252 , 253 , 252 , 251 , 252 , 252 , 253 , 253 , 253 , 251 , 253 , 252 , 252 , 253 , 252 , 253 , 252 , 254 , 253 , 252 , 252 , 253 , 252 , 253 , 252 , 252 , 251 , 253 , 253 , 251 , 252 , 252 , 253 , 252 , 253 , 253 , 253 , 253 , 253 , 253 , 252 , 252 , 253 , 251 , 254 , 253 , 253 , 253 , 253 , 254 , 254 , 253 , 254 , 254 , 253 , 254 , 254 , 253 , 253 , 254 , 254 , 253 , 252 , 254 , 255 , 253 , 254 , 255 , 252 , 255 , 255 , 254 , 254 , 255 , 254 , 254 , 253 , 253 , 253 , 255 , 253 , 254 , 254 , 254 , 256 , 254 , 254 , 255 , 255 , 255 , 255 , 253 , 254 , 254 , 250 , 256 , 255 , 253 , 255 , 254 , 254 , 254 , 254 , 254 , 255 , 254 , 255 , 255 , 256 , 255 , 255 , 254 , 256 , 255 , 255 , 254 , 255 , 255 , 255 , 254 , 253 , 256 , 255 , 254 , 256 , 254 , 256 , 256 , 256 , 255 , 255 , 255 , 255 , 256 , 255 , 255 , 255 , 252 , 256 , 256 , 256 , 255 , 255 , 254 , 256 , 256 , 255 , 255 , 256 , 255 , 255 , 256 , 256 , 256 , 255 , 256 , 256 , 256 , 255 , 255 , 256 , 255 , 255 , 252 , 255 , 255 , 255 , 256 , 255 , 256 , 254 , 255 , 255 , 256 , 256 , 256 , 256 , 256 , 255 , 255 , 252 , 256 , 256 , 255 , 256 , 255 , 256 , 255 , 256 , 255 , 256 , 255 , 255 , 254 , 255 , 256 , 257 , 255 , 256 , 256 , 255 , 255 , 255 , 256 , 255 , 256 , 252 , 256 , 255 , 256 , 257 , 256 , 257 , 256 , 256 , 254 , 256 , 256 , 255 , 256 , 257 , 254 , 255 , 254 , 256 , 257 , 256 , 255 , 255 , 255 , 255 , 255 , 253 , 257 , 256 , 255 , 256 , 255 , 255 , 256 , 256 , 254 , 257 , 256 , 255 , 256 , 254 , 256 , 255 , 255 , 256 , 254 , 255 , 255 , 256 , 255 , 256];
